3 4
0 1 2 2
0 3 6 4
0 5 10 1

2 9
2 4 4 8 8 6 2 2 4
1 2 2 4 4 3 1 1 2

6 7
2 4 4 8 8 4 9
1 2 3 4 5 6 7
2 4 6 7 8 3 1
7 8 3 4 2 1 2
1 2 2 4 4 2 3
4 8 7 6 5 4 3

6 7
2 4 4 8 8 4 6
1 2 3 4 5 6 7
2 4 6 7 8 3 1
7 8 3 4 2 1 2
1 2 2 4 4 2 3
4 8 7 6 5 4 3

6 7
2 4 4 8 8 4 6
1 2 3 4 5 6 7
2 4 6 7 8 3 1
2 4 6 7 8 3 1
2 4 6 7 8 3 1
2 4 6 7 8 3 1

6 3
2 4 4
1 2 3
2 4 6
7 8 3
1 2 2
4 8 7

6 3
2 4 4
1 2 3
1 2 3
1 2 3
1 2 3
1 2 3

6 3
1 2 3
1 2 3
1 2 3
1 2 3
1 2 3
1 2 3

6 3
0 0 0
0 0 0
0 0 0
0 0 0
0 0 0
0 0 0

3 3
1 2 3
4 5 6
7 8 9